I0 = 10E-12;
n = 1;
VT = ((1.3806488E-23)*300)/(1.602176565E-19);
R = 10E3;
Vs = 3;

syms v1

x = fsolve(@v f1(v)-f2(Vs-v), [0 0])